afk: false
timestamps:
  lastteleport: 1608785793073
  logout: 1608921185635
lastlocation:
  world: world
  x: -459.84801240216933
  y: 80.87113762708435
  z: -1188.166375681645
  yaw: -90.8412
  pitch: 17.726812
logoutlocation:
  world: world
  x: -455.6471746738567
  y: 77.9713333214982
  z: -1186.150019165516
  yaw: 61.92184
  pitch: 39.074146
