lastAccountName: soursaladz
timestamps:
  login: 1608929427027
  lastteleport: 1608849003518
  logout: 1608930773287
ipAddress: 127.0.0.1
lastlocation:
  world: world
  x: -1257.9105173740168
  y: 76.0
  z: -1428.9785271442963
  yaw: 302.40344
  pitch: 16.500021
logoutlocation:
  world: world
  x: -715.9508623982641
  y: 66.0
  z: -1370.8923805955587
  yaw: 155.81201
  pitch: 37.34988
