lastAccountName: Static_Pirate
timestamps:
  login: 1609527714396
  logout: 1609527735054
ipAddress: 127.0.0.1
logoutlocation:
  world: world
  x: 101.58543545349966
  y: 67.0
  z: 27.39463072793716
  yaw: 249.99112
  pitch: 37.04985
lastlocation:
  world: world
  x: 93.3790195853708
  y: 67.0
  z: 25.236205691641242
  yaw: 149.49074
  pitch: 33.899834
