lastAccountName: NolitoBurrito
timestamps:
  login: 1608827604214
  logout: 1608830010085
ipAddress: 127.0.0.1
lastlocation:
  world: world
  x: -609.9449084447737
  y: 67.0
  z: -1261.6713932892335
  yaw: 295.9271
  pitch: 13.649449
logoutlocation:
  world: world_the_end
  x: 2116.365423689637
  y: 67.29585052076204
  z: 1170.6471226300857
  yaw: -171.60655
  pitch: 33.59995
